0x00000000 0010 0000 0000 0100 0000 0000 0001 1011
0x00000004 0011 1000 1000 0101 0000 0000 0000 0101
0x00000008 0000 0000 1000 0101 0011 0000 0010 0000
0x0000000c 0000 0000 1010 0100 0011 1000 0010 0010
0x00000010 0000 0000 1110 0110 0100 0000 0010 1010
0x00000014 0000 0000 1110 0000 0100 1000 0010 0101
0x00000018 0000 0000 1110 0000 0101 0000 0010 0100
0x0000001c 0000 0000 0000 0111 0101 1000 0100 0000
0x00000020 0000 0000 0000 0111 0110 0000 0100 0010
0x00000024 0000 0001 0000 0111 0110 1000 0010 1010
0x00000028 0011 1100 0000 0001 0000 0000 0000 0000
0x0000002c 0011 0100 0010 1110 0000 0000 0000 1100
0x00000030 0011 1100 0000 0001 0000 0000 0000 0000
0x00000034 0011 0100 0010 1111 0000 0000 0110 1110
0x00000038 0011 1100 0000 0001 0000 0000 0000 0000
0x0000003c 0011 0100 0011 0000 0000 0000 0111 1000
0x00000040 1010 1101 1100 1111 0000 0000 0000 0100
0x00000044 1010 1101 1101 0000 0000 0000 0000 1000
0x00000048 1000 1101 1101 0001 0000 0000 0000 0100
